88 0.55883813084474638137516394874227201 2.85037631769310906252284735502569243e-31
89 0.55901337891266628313199872918980832 9.45631602694132803850485169809199313e-31
90 0.55918528213356290715437392857086612 6.53275437136150401356587718124807346e-31
91 0.55935394177242555775953003949375923 4.38726841331412327326151775320846443e-31
92 0.55951945492921091005268334713101523 6.75616224491042337252037062258792503e-31
93 0.55968191475417684711841819878633637 3.04296931213183264782844514928418516e-32
94 0.55984141064986305076289245697382571 1.78341112850258039992983557483364270e-31
95 0.55999802846068086928034074279649907 5.87023447049229488011462076899885847e-31
96 0.56015185065099613307526780188000304 5.55823381950156267191955234230010024e-31
97 0.56030295647251695499300543289669402 7.90786835165399041264784543225371157e-31
