90 0.55918528213356289428118138742220922999776881208262 8.459677232e-101
95 0.55999802846068085647848240112367882126396540800406 2.812803825e-102
100 0.56074072329357117760873141163233378517091936450814 4.598126977e-101
105 0.56142258040979285370629643880191561238416042094891 9.904361133e-101
110 0.56205122593028174621413112058943869348918284376504 2.716080799e-101
115 0.56263303062794489651152582846867863672064453826626 4.014305851e-101
120 0.56317336146528389690114462363010801687900121079046 8.356571483e-101
125 0.56367677449234107262986148627718759949989152599028 1.831326271e-101
130 0.56414716454202741164299658990021284373719656768042 3.043810334e-101
135 0.56458788266660725532947980422055229925938760626384 6.339340804e-101
140 0.5650018291894958594217891836810951482488049951894 2.196896224e-101
145 0.56539152811540121192252941397004003961663785463483 6.791465779e-101
150 0.56575918714020698947007364177220981362678470496864 6.873122688e-101
160 0.56643591855773459833127820837672879722356927410999 1.154856251e-101
170 0.56704500562666592437360355564889309857632372612119 8.844642342e-101
180 0.56759671659934444342438848034583823058923540665312 1.638941714e-101
200 0.56855941508030537131237211963053816423600256069808 6.112677614e-101
